1 2 43 43534 4 5 3 45 2 34 5 45 87 5 56 3 6 3 6 6 5 665 56 7 67 67 8 8 98   6
645 867 43 4 2 3 4 43  54 5656  999 99 9 8 8 6 6 6  78 77777 8 5 8 865745 345
526 645 642 23 7 4 7 656 6 87676 3955 90595 40 41 45 62 789 609 47541 34580 56
67 676 456 543 6  645 6 7  85 980 20390 39492 9402 5093590 39902 395983 4885
4300 485772 08 335 1 90 890 758 438806 32427 9 606949 2 5 63 436 6 4 6 54 7 754
6 7 4 7 656 6 87676 3955 90595 4342 23 7 4 7 656 6 87676 3955 90595 40 41 45 62
789 609 47541 34580 56 5 1 90 890 758 438806 32427 9 6069 899 9398 49093 9403
67 676 456 543 6  645 6 7  85 980 20390  84927 972987 18383 383838 2662  3862 3
645 867 43 4 2 3 4 43  54 5656  999 99 9 8 8 6 6 6  78 77777 8 5 8 865745 345
526 645 642 23 7 4 7 656 6 87676 3955 90595 40 41 45 62 789 609 47541 34580 56
67 676 456 543 6  645 6 7  85 980 20390 39492 9402 5093590 39902 395983 4885
4300 485772 08 335 1 90 890 758 438806 32427 9 606949 2 5 63 436 6 4 6 54 7 754
6 7 4 7 656 6 87676 3955 90595 4342 23 7 4 7 656 6 87676 3955 90595 40 41 45 62
789 609 47541 34580 56 5 1 90 890 758 438806 32427 9 6069 899 9398 49093 9403
67 676 456 543 6  643455 6 7  85 980 20390  84927 972987 18383 383838 266262 13
645 867 43 4 2 3 4 43  54 5656  999 99 9 8 8 6 6 6  78 77777 8 5 8 865745 345
526 645 642 23 7 4 7 653456 6 87676 3955 90595 40 41 45 62 789 609 47541 34580
12191 1991 39205 2903 339395093 3404 944 94 49 49 29 29 485 74 3729 40583729
9 502 48 528 20343 02 83528 2 501 03 238293 41080 325723149 38 4 38 39 39
 3 93 9 49303 303 40 403 830 204 0403 083082 40503 0 30 3034850602 7285 596 94
67 676 456 543 6  645 6 7  85 980 20390 39492 9402 5093590 39902 395983 4885
4335300 485772 08 335 1 90 890 758 438806 32427 9 606949 2 5 63 436 6 4 6 5754
6 7 4 7 656 6 87676 3955 90595 4342 23 7 4 7 656 6 87676 3955 90595 40 41 45 62
0439 093 8 8298 924 004 305823 237 3490369 47 73 35 211021 1 2 12 4293 1 2 1
789 609 47541 34580 56 5 1 90 890 758 438806 32427 9 6069 899 9398 49093 9403
67 676 456 543 6  645 6 7  85 980 20390  84927 972987 18383 383838 2662  3862 3
645 867 43 4 2 3 4 43  54 5656  999 99 9 8 8 6 6 6  78 77777 8 5 8 865745 345
526 645 642 23 7 4 7 656 6 87676 3955 90595 40 41 45 62 789 609 47541 34580 56