9999999999999999999999999999999998980980980980980980972987972987972987949494494
0394039403940294029402939893989398939249090909090909059590595905959059590595905
9590595905959059590595899899899890890890890890890888888888888888888887876768767
6876768767687676876768767687676876768767686786786786786574586574586574586574585
8585858585849278492784927835288308298789789789789789789789787878787777777777777
7777777777777777777777777777777777777587587587587587587547547473728567676767676
7676767667667667667667666666666666666666666666666666666666666666666666665656656
6566566566566566566566534566456456456456456456456456456456456456456434556426426
4264263636362626262626262609609609609609609609606960696069606949606949606949596
5754565656565656565656565656565656565555555555555554545454545454354354354354354
3528526526526526509359050935905093590502501494949303490934909349093488548854885
4857724857724857724854847541475414754147541475414754147541474564564564564564564
5454545454545454544444444444444444444444438806438806438806438806438806438806436
4364364353443434343434343434343424342434243353004300430042934141414141414141080
4058372940503404040404040404040339902399023990239598339598339598339553955395539
5539553955395539553955395539492394923949239393920538623862383838383838383838383
8372935349036934580345803458034580345803458034580345345345345343404339395093335
3353353333333333325723149324273242732427324273242732427305823303485060230330292
9290326626226622662238293237232323232323232222222222222110212042039020390203902
0390203902039020343199118383183831838313121911211111111110930830820808080439040
303020040